79.62
85.06
73.03
88.67
91.35
77.38
78.09
74.50
76.53
91.29
78.48
80.14
84.34
83.04
81.80
78.76
73.19
72.90
76.56
91.30
79.77
89.87
84.83
76.05
82.79
72.31
72.62
77.93
89.66
73.58
77.62
76.71
83.85
89.42
87.15
90.48
76.21
75.22
79.26
75.17
91.20
89.64
89.28
79.35
85.87
82.57
79.76
85.68
72.32
85.58
89.66
83.66
91.63
75.68
82.62
87.26
79.53
75.99
77.05
91.15
81.87
85.87
84.79
89.71
73.23
76.87
75.75
90.78
75.47
78.14
86.11
82.35
79.03
87.87
85.78
78.84
85.86
82.97
82.19
84.37
86.82
79.46
88.74
80.92
84.47
81.74
89.21
84.87
90.16
88.49
89.00
86.94
80.15
79.12
84.29
83.39
80.21
77.26
82.65
77.68
86.49
77.85
89.89
74.73
73.54
84.14
88.00
84.08
85.08
79.56
91.54
81.15
75.97
74.14
85.98
87.02
88.48
78.48
77.11
76.69
86.34
73.68
75.10
75.97
85.50
75.71
79.02
75.82
79.09
74.19
77.16
87.64
91.99
87.70
91.61
85.01
86.06
89.31
83.08
84.20
77.20
88.26
84.79
79.42
72.77
83.50
89.18
78.74
80.48
85.29
80.40
77.83
80.15
84.11
80.76
81.00
79.32
81.24
86.00
80.77
85.58
80.26
74.51
76.04
76.14
76.15
89.43
87.34
91.33
91.44
73.72
73.55
84.54
90.38
91.62
74.89
88.41
72.64
73.80
72.86
80.05
91.75
89.40
85.47
83.28
90.99
82.63
78.40
91.93
85.83
83.25
89.18
87.76
90.95
86.36
73.63
90.28
88.51
73.00
87.47
75.71
78.98
76.72
84.52
85.75
85.31
88.09
91.00
80.85
78.33
88.21
75.78
81.49
89.90
72.88
82.53
89.93
91.82
79.84
91.09
74.44
77.12
82.07
86.44
80.13
91.76
84.60
76.06
85.15
80.80
80.62
84.97
89.98
91.15
78.91
76.14
85.53
79.64
89.60
88.07
89.58
83.08
87.19
78.53
73.35
82.43
85.93
84.51
80.99
79.69
74.62
86.72
75.86
73.93
72.25
76.88
88.32
78.56
73.54
80.03
84.14
81.92
80.82
91.87
81.57
89.93
84.12
72.95
81.00
74.81
88.46
73.91
72.14
91.21
76.74
76.33
82.66
72.93
82.80
74.59
88.91
80.67
87.39
87.50
87.02
73.67
85.52
91.99
85.40
81.79
88.42
76.26
81.89
90.91
77.55
88.31
81.38
81.60
75.99
84.32
81.20
82.13
77.94
88.86
77.19
78.26
91.33
78.96
84.00
74.42
85.55
84.15
78.03
81.09
76.79
81.19
76.71
87.76
78.10
74.29
85.18
84.54
79.75
75.33
80.15
79.24
91.80
90.99
82.70
75.35
87.95
79.47
85.13
89.30
79.86
77.22
82.43
82.21
83.39
81.55
